[1] 12
[1] 0.7846468 0.6792822
[1] 43
[1] 0.7800068 0.6260028
[1] 55
[1] 0.7892494 0.6584469
[1] 57
[1] 0.7882805 0.6411002
[1] 111
[1] 0.7974228 0.6804116
[1] 153
[1] 0.7863579 0.7018656
[1] 159
[1] 0.7969997 0.7339079
[1] 191
[1] 0.7811923 0.6555625
[1] 259
[1] 0.7864613 0.7366451
[1] 329
[1] 0.7950297 0.6525400
[1] 364
[1] 0.7922563 0.7119897
[1] 376
[1] 0.7844094 0.6730980
[1] 462
[1] 0.7952530 0.6364965
[1] 492
[1] 0.7901045 0.7396753
[1] 499
[1] 0.7901067 0.5795933
[1] 555
[1] 0.7982726 0.6613161
[1] 562
[1] 0.7835159 0.6639416
[1] 583
[1] 0.7955870 0.6744002
[1] 616
[1] 0.7893031 0.6119039
[1] 633
[1] 0.7852661 0.6314226
[1] 634
[1] 0.7923892 0.7553488
[1] 700
[1] 0.7895719 0.7570084
[1] 715
[1] 0.7824038 0.7180490
[1] 767
[1] 0.7931257 0.6633450
[1] 772
[1] 0.7982549 0.7365797
[1] 809
[1] 0.7978113 0.7263807
[1] 823
[1] 0.7821036 0.6724686
[1] 833
[1] 0.7979737 0.6212528
[1] 886
[1] 0.7952906 0.6443656
[1] 914
[1] 0.7884507 0.7560814
[1] 916
[1] 0.7810852 0.7157242
[1] 923
[1] 0.7982430 0.6751338
[1] 959
[1] 0.7988709 0.6952276
[1] 1056
[1] 0.7889889 0.6341875
[1] 1066
[1] 0.7950383 0.6494179
[1] 1090
[1] 0.7994144 0.6785798
[1] 1180
[1] 0.7989386 0.6640653
[1] 1206
[1] 0.7804193 0.6597354
[1] 1226
[1] 0.7898377 0.7020315
[1] 1249
[1] 0.7965535 0.6749352
[1] 1251
[1] 0.7820530 0.6118703
[1] 1253
[1] 0.7853591 0.6986126
[1] 1270
[1] 0.7956528 0.6955589
[1] 1296
[1] 0.7830181 0.7063467
[1] 1297
[1] 0.7913237 0.7235294
[1] 1299
[1] 0.7997814 0.7126057
[1] 1323
[1] 0.7927081 0.7631831
[1] 1354
[1] 0.7897458 0.6454943
[1] 1390
[1] 0.7921049 0.7034250
[1] 1495
[1] 0.7813072 0.6810384
[1] 1527
[1] 0.7859649 0.7014994
[1] 1543
[1] 0.7820677 0.7385405
[1] 1587
[1] 0.7913720 0.6778034
[1] 1626
[1] 0.7972662 0.6495148
[1] 1661
[1] 0.7913826 0.6746683
[1] 1677
[1] 0.7928236 0.7295612
[1] 1700
[1] 0.7881248 0.6953182
[1] 1701
[1] 0.7923881 0.7300742
[1] 1785
[1] 0.7922228 0.6940511
[1] 1801
[1] 0.7827875 0.6632205
[1] 1846
[1] 0.7825145 0.6467072
[1] 1857
[1] 0.7965711 0.6668580
[1] 1884
[1] 0.7825646 0.7355015
[1] 1893
[1] 0.7825835 0.6511153
[1] 1895
[1] 0.7850097 0.6359246
[1] 1991
[1] 0.7815048 0.6220138
[1] 2035
[1] 0.7978931 0.6538947
[1] 2056
[1] 0.7943214 0.6314716
[1] 2059
[1] 0.7909957 0.6714598
[1] 2151
[1] 0.7846156 0.6552706
[1] 2211
[1] 0.7985147 0.7411624
[1] 2254
[1] 0.7869736 0.6737891
[1] 2294
[1] 0.7880106 0.6945742
[1] 2319
[1] 0.7942185 0.6654771
[1] 2358
[1] 0.7828767 0.6349131
